2.74E-01 1.87E+00
2.61E-01 1.92E+00
2.77E-01 1.84E+00
2.34E-01 2.13E+00
2.39E-01 2.02E+00
2.30E-01 1.98E+00
2.54E-01 2.06E+00
2.34E-01 2.12E+00
2.16E-01 1.68E+00
2.42E-01 2.09E+00
3.19E-01 1.84E+00
2.39E-01 1.91E+00
2.71E-01 2.00E+00
2.55E-01 1.95E+00
3.23E-01 1.74E+00
2.88E-01 1.98E+00
2.62E-01 1.96E+00
2.49E-01 1.94E+00
2.97E-01 2.08E+00
2.62E-01 1.99E+00
2.48E-01 2.02E+00
2.78E-01 1.91E+00
2.74E-01 2.08E+00
2.91E-01 1.98E+00
2.47E-01 1.99E+00
3.03E-01 1.98E+00
2.04E-01 2.04E+00
2.81E-01 2.11E+00
2.67E-01 1.94E+00
3.14E-01 1.87E+00
